{
 "cells": [
  {
   "cell_type": "markdown",
   "metadata": {},
   "source": [
    "# Assignment 3: Hello Vectors\n",
    "\n",
    "Welcome to this week's programming assignment on exploring word vectors.\n",
    "In natural language processing, we represent each word as a vector consisting of numbers.\n",
    "The vector encodes the meaning of the word. These numbers (or weights) for each word are learned using various machine\n",
    "learning models, which we will explore in more detail later in this specialization. Rather than make you code the\n",
    "machine learning models from scratch, we will show you how to use them. In the real world, you can always load the\n",
    "trained word vectors, and you will almost never have to train them from scratch. In this assignment, you will:\n",
    "\n",
    "- Predict analogies between words.\n",
    "- Use PCA to reduce the dimensionality of the word embeddings and plot them in two dimensions.\n",
    "- Compare word embeddings by using a similarity measure (the cosine similarity).\n",
    "- Understand how these vector space models work.\n",
    "\n",
    "\n",
    "\n",
    "## 1.0 Predict the Countries from Capitals\n",
    "\n",
    "In the lectures, we have illustrated the word analogies\n",
    "by finding the capital of a country from the country. \n",
    "We have changed the problem a bit in this part of the assignment. You are asked to predict the **countries** \n",
    "that corresponds to some **capitals**.\n",
    "You are playing trivia against some second grader who just took their geography test and knows all the capitals by heart.\n",
    "Thanks to NLP, you will be able to answer the questions properly. In other words, you will write a program that can give\n",
    "you the country by its capital. That way you are pretty sure you will win the trivia game. We will start by exploring the data set.\n",
    "\n",
    "<img src = 'map.jpg' width=\"width\" height=\"height\" style=\"width:467px;height:300px;\"/>\n",
    "\n",
    "###  1.1 Importing the data\n",
    "\n",
    "As usual, you start by importing some essential Python libraries and then load the dataset.\n",
    "The dataset will be loaded as a [Pandas DataFrame](https://pandas.pydata.org/pandas-docs/stable/getting_started/dsintro.html),\n",
    "which is very a common method in data science.\n",
    "This may take a few minutes because of the large size of the data."
   ]
  },
  {
   "cell_type": "code",
   "execution_count": 1,
   "metadata": {},
   "outputs": [],
   "source": [
    "# Run this cell to import packages.\n",
    "import pickle\n",
    "import numpy as np\n",
    "import pandas as pd\n",
    "import matplotlib.pyplot as plt\n",
    "\n",
    "from utils import get_vectors"
   ]
  },
  {
   "cell_type": "code",
   "execution_count": 2,
   "metadata": {},
   "outputs": [
    {
     "data": {
      "text/html": [
       "<div>\n",
       "<style scoped>\n",
       "    .dataframe tbody tr th:only-of-type {\n",
       "        vertical-align: middle;\n",
       "    }\n",
       "\n",
       "    .dataframe tbody tr th {\n",
       "        vertical-align: top;\n",
       "    }\n",
       "\n",
       "    .dataframe thead th {\n",
       "        text-align: right;\n",
       "    }\n",
       "</style>\n",
       "<table border=\"1\" class=\"dataframe\">\n",
       "  <thead>\n",
       "    <tr style=\"text-align: right;\">\n",
       "      <th></th>\n",
       "      <th>city1</th>\n",
       "      <th>country1</th>\n",
       "      <th>city2</th>\n",
       "      <th>country2</th>\n",
       "    </tr>\n",
       "  </thead>\n",
       "  <tbody>\n",
       "    <tr>\n",
       "      <th>0</th>\n",
       "      <td>Athens</td>\n",
       "      <td>Greece</td>\n",
       "      <td>Bangkok</td>\n",
       "      <td>Thailand</td>\n",
       "    </tr>\n",
       "    <tr>\n",
       "      <th>1</th>\n",
       "      <td>Athens</td>\n",
       "      <td>Greece</td>\n",
       "      <td>Beijing</td>\n",
       "      <td>China</td>\n",
       "    </tr>\n",
       "    <tr>\n",
       "      <th>2</th>\n",
       "      <td>Athens</td>\n",
       "      <td>Greece</td>\n",
       "      <td>Berlin</td>\n",
       "      <td>Germany</td>\n",
       "    </tr>\n",
       "    <tr>\n",
       "      <th>3</th>\n",
       "      <td>Athens</td>\n",
       "      <td>Greece</td>\n",
       "      <td>Bern</td>\n",
       "      <td>Switzerland</td>\n",
       "    </tr>\n",
       "    <tr>\n",
       "      <th>4</th>\n",
       "      <td>Athens</td>\n",
       "      <td>Greece</td>\n",
       "      <td>Cairo</td>\n",
       "      <td>Egypt</td>\n",
       "    </tr>\n",
       "  </tbody>\n",
       "</table>\n",
       "</div>"
      ],
      "text/plain": [
       "    city1 country1    city2     country2\n",
       "0  Athens   Greece  Bangkok     Thailand\n",
       "1  Athens   Greece  Beijing        China\n",
       "2  Athens   Greece   Berlin      Germany\n",
       "3  Athens   Greece     Bern  Switzerland\n",
       "4  Athens   Greece    Cairo        Egypt"
      ]
     },
     "execution_count": 2,
     "metadata": {},
     "output_type": "execute_result"
    }
   ],
   "source": [
    "data = pd.read_csv('capitals.txt', delimiter=' ')\n",
    "data.columns = ['city1', 'country1', 'city2', 'country2']\n",
    "\n",
    "# print first five elements in the DataFrame\n",
    "data.head(5)"
   ]
  },
  {
   "cell_type": "markdown",
   "metadata": {},
   "source": [
    "***\n",
    "\n",
    "### To Run This Code On Your Own Machine:\n",
    "Note that because the original google news word embedding dataset is about 3.64 gigabytes,\n",
    "the workspace is not able to handle the full file set.  So we've downloaded the full dataset,\n",
    "extracted a sample of the words that we're going to analyze in this assignment, and saved\n",
    "it in a pickle file called `word_embeddings_capitals.p`\n",
    "\n",
    "If you want to download the full dataset on your own and choose your own set of word embeddings,\n",
    "please see the instructions and some helper code.\n",
    "\n",
    "- Download the dataset from this [page](https://code.google.com/archive/p/word2vec/).\n",
    "- Search in the page for 'GoogleNews-vectors-negative300.bin.gz' and click the link to download."
   ]
  },
  {
   "cell_type": "markdown",
   "metadata": {},
   "source": [
    "Copy-paste the code below and run it on your local machine after downloading\n",
    "the dataset to the same directory as the notebook.\n",
    "\n",
    "```python\n",
    "import nltk\n",
    "from gensim.models import KeyedVectors\n",
    "\n",
    "\n",
    "embeddings = KeyedVectors.load_word2vec_format('./GoogleNews-vectors-negative300.bin', binary = True)\n",
    "f = open('capitals.txt', 'r').read()\n",
    "set_words = set(nltk.word_tokenize(f))\n",
    "select_words = words = ['king', 'queen', 'oil', 'gas', 'happy', 'sad', 'city', 'town', 'village', 'country', 'continent', 'petroleum', 'joyful']\n",
    "for w in select_words:\n",
    "    set_words.add(w)\n",
    "\n",
    "def get_word_embeddings(embeddings):\n",
    "\n",
    "    word_embeddings = {}\n",
    "    for word in embeddings.vocab:\n",
    "        if word in set_words:\n",
    "            word_embeddings[word] = embeddings[word]\n",
    "    return word_embeddings\n",
    "\n",
    "\n",
    "# Testing your function\n",
    "word_embeddings = get_word_embeddings(embeddings)\n",
    "print(len(word_embeddings))\n",
    "pickle.dump( word_embeddings, open( \"word_embeddings_subset.p\", \"wb\" ) )\n",
    "```\n",
    "\n",
    "***"
   ]
  },
  {
   "cell_type": "markdown",
   "metadata": {},
   "source": [
    "Now we will load the word embeddings as a [Python dictionary](https://docs.python.org/3/tutorial/datastructures.html#dictionaries).\n",
    "As stated, these have already been obtained through a machine learning algorithm. "
   ]
  },
  {
   "cell_type": "code",
   "execution_count": 3,
   "metadata": {},
   "outputs": [
    {
     "data": {
      "text/plain": [
       "243"
      ]
     },
     "execution_count": 3,
     "metadata": {},
     "output_type": "execute_result"
    }
   ],
   "source": [
    "word_embeddings = pickle.load(open(\"word_embeddings_subset.p\", \"rb\"))\n",
    "len(word_embeddings)  # there should be 243 words that will be used in this assignment"
   ]
  },
  {
   "cell_type": "markdown",
   "metadata": {},
   "source": [
    "Each of the word embedding is a 300-dimensional vector."
   ]
  },
  {
   "cell_type": "code",
   "execution_count": 4,
   "metadata": {},
   "outputs": [
    {
     "name": "stdout",
     "output_type": "stream",
     "text": [
      "dimension: 300\n"
     ]
    }
   ],
   "source": [
    "print(\"dimension: {}\".format(word_embeddings['Spain'].shape[0]))"
   ]
  },
  {
   "cell_type": "markdown",
   "metadata": {},
   "source": [
    "### Predict relationships among words\n",
    "\n",
    "Now you will write a function that will use the word embeddings to predict relationships among words.\n",
    "* The function will take as input three words.\n",
    "* The first two are related to each other.\n",
    "* It will predict a 4th word which is related to the third word in a similar manner as the two first words are related to each other.\n",
    "* As an example, \"Athens is to Greece as Bangkok is to ______\"?\n",
    "* You will write a program that is capable of finding the fourth word.\n",
    "* We will give you a hint to show you how to compute this.\n",
    "\n",
    "A similar analogy would be the following:\n",
    "\n",
    "<img src = 'vectors.jpg' width=\"width\" height=\"height\" style=\"width:467px;height:200px;\"/>\n",
    "\n",
    "You will implement a function that can tell you the capital of a country.\n",
    "You should use the same methodology shown in the figure above. To do this,\n",
    "compute you'll first compute cosine similarity metric or the Euclidean distance."
   ]
  },
  {
   "cell_type": "markdown",
   "metadata": {},
   "source": [
    "### 1.2 Cosine Similarity\n",
    "\n",
    "The cosine similarity function is:\n",
    "\n",
    "$$\\cos (\\theta)=\\frac{\\mathbf{A} \\cdot \\mathbf{B}}{\\|\\mathbf{A}\\|\\|\\mathbf{B}\\|}=\\frac{\\sum_{i=1}^{n} A_{i} B_{i}}{\\sqrt{\\sum_{i=1}^{n} A_{i}^{2}} \\sqrt{\\sum_{i=1}^{n} B_{i}^{2}}}\\tag{1}$$\n",
    "\n",
    "$A$ and $B$ represent the word vectors and $A_i$ or $B_i$ represent index i of that vector.\n",
    "& Note that if A and B are identical, you will get $cos(\\theta) = 1$.\n",
    "* Otherwise, if they are the total opposite, meaning, $A= -B$, then you would get $cos(\\theta) = -1$.\n",
    "* If you get $cos(\\theta) =0$, that means that they are orthogonal (or perpendicular).\n",
    "* Numbers between 0 and 1 indicate a similarity score.\n",
    "* Numbers between -1-0 indicate a dissimilarity score.\n",
    "\n",
    "**Instructions**: Implement a function that takes in two word vectors and computes the cosine distance."
   ]
  },
  {
   "cell_type": "markdown",
   "metadata": {},
   "source": [
    "<details>\n",
    "<summary>\n",
    "    <font size=\"3\" color=\"darkgreen\"><b>Hints</b></font>\n",
    "</summary>\n",
    "<p>\n",
    "<ul>\n",
    "    <li> Python's<a href=\"https://docs.scipy.org/doc/numpy/reference/\" > NumPy library </a> adds support for linear algebra operations (e.g., dot product, vector norm ...).</li>\n",
    "    <li>Use <a href=\"https://docs.scipy.org/doc/numpy/reference/generated/numpy.dot.html\" > numpy.dot </a>.</li>\n",
    "    <li>Use <a href=\"https://docs.scipy.org/doc/numpy/reference/generated/numpy.linalg.norm.html\">numpy.linalg.norm </a>.</li>\n",
    "</ul>\n",
    "</p>"
   ]
  },
  {
   "cell_type": "code",
   "execution_count": 5,
   "metadata": {},
   "outputs": [],
   "source": [
    "# UNQ_C1 (UNIQUE CELL IDENTIFIER, DO NOT EDIT)\n",
    "def cosine_similarity(A, B):\n",
    "    '''\n",
    "    Input:\n",
    "        A: a numpy array which corresponds to a word vector\n",
    "        B: A numpy array which corresponds to a word vector\n",
    "    Output:\n",
    "        cos: numerical number representing the cosine similarity between A and B.\n",
    "    '''\n",
    "\n",
    "    ### START CODE HERE (REPLACE INSTANCES OF 'None' with your code) ###\n",
    "    \n",
    "    dot = np.dot(A, B)\n",
    "    norma = np.linalg.norm(A)\n",
    "    normb = np.linalg.norm(B)\n",
    "    cos = dot/(norma*normb)\n",
    "\n",
    "    ### END CODE HERE ###\n",
    "    return cos"
   ]
  },
  {
   "cell_type": "code",
   "execution_count": 6,
   "metadata": {},
   "outputs": [
    {
     "data": {
      "text/plain": [
       "0.6510956"
      ]
     },
     "execution_count": 6,
     "metadata": {},
     "output_type": "execute_result"
    }
   ],
   "source": [
    "# feel free to try different words\n",
    "king = word_embeddings['king']\n",
    "queen = word_embeddings['queen']\n",
    "\n",
    "cosine_similarity(king, queen)"
   ]
  },
  {
   "cell_type": "markdown",
   "metadata": {},
   "source": [
    "**Expected Output**:\n",
    "\n",
    "$\\approx$ 0.6510956"
   ]
  },
  {
   "cell_type": "markdown",
   "metadata": {},
   "source": [
    "### 1.3 Euclidean distance\n",
    "\n",
    "You will now implement a function that computes the similarity between two vectors using the Euclidean distance.\n",
    "Euclidean distance is defined as:\n",
    "\n",
    "$$ \\begin{aligned} d(\\mathbf{A}, \\mathbf{B})=d(\\mathbf{B}, \\mathbf{A}) &=\\sqrt{\\left(A_{1}-B_{1}\\right)^{2}+\\left(A_{2}-B_{2}\\right)^{2}+\\cdots+\\left(A_{n}-B_{n}\\right)^{2}} \\\\ &=\\sqrt{\\sum_{i=1}^{n}\\left(A_{i}-B_{i}\\right)^{2}} \\end{aligned}$$\n",
    "\n",
    "* $n$ is the number of elements in the vector\n",
    "* $A$ and $B$ are the corresponding word vectors. \n",
    "* The more similar the words, the more likely the Euclidean distance will be close to 0. \n",
    "\n",
    "**Instructions**: Write a function that computes the Euclidean distance between two vectors."
   ]
  },
  {
   "cell_type": "markdown",
   "metadata": {},
   "source": [
    "<details>    \n",
    "<summary>\n",
    "    <font size=\"3\" color=\"darkgreen\"><b>Hints</b></font>\n",
    "</summary>\n",
    "<p>\n",
    "<ul>\n",
    "    <li>Use <a href=\"https://docs.scipy.org/doc/numpy/reference/generated/numpy.linalg.norm.html\" > numpy.linalg.norm </a>.</li>\n",
    "</ul>\n",
    "</p>"
   ]
  },
  {
   "cell_type": "code",
   "execution_count": 7,
   "metadata": {},
   "outputs": [],
   "source": [
    "# UNQ_C2 (UNIQUE CELL IDENTIFIER, DO NOT EDIT)\n",
    "def euclidean(A, B):\n",
    "    \"\"\"\n",
    "    Input:\n",
    "        A: a numpy array which corresponds to a word vector\n",
    "        B: A numpy array which corresponds to a word vector\n",
    "    Output:\n",
    "        d: numerical number representing the Euclidean distance between A and B.\n",
    "    \"\"\"\n",
    "\n",
    "    ### START CODE HERE (REPLACE INSTANCES OF 'None' with your code) ###\n",
    "\n",
    "    # euclidean distance\n",
    "\n",
    "    d = np.sum(np.linalg.norm(A-B))\n",
    "\n",
    "    ### END CODE HERE ###\n",
    "\n",
    "    return d\n"
   ]
  },
  {
   "cell_type": "code",
   "execution_count": 8,
   "metadata": {},
   "outputs": [
    {
     "data": {
      "text/plain": [
       "2.4796925"
      ]
     },
     "execution_count": 8,
     "metadata": {},
     "output_type": "execute_result"
    }
   ],
   "source": [
    "# Test your function\n",
    "euclidean(king, queen)"
   ]
  },
  {
   "cell_type": "markdown",
   "metadata": {},
   "source": [
    "**Expected Output:**\n",
    "\n",
    "2.4796925"
   ]
  },
  {
   "cell_type": "markdown",
   "metadata": {},
   "source": [
    "### 1.4 Finding the country of each capital\n",
    "\n",
    "Now, you  will use the previous functions to compute similarities between vectors,\n",
    "and use these to find the capital cities of countries. You will write a function that\n",
    "takes in three words, and the embeddings dictionary. Your task is to find the\n",
    "capital cities. For example, given the following words: \n",
    "\n",
    "- 1: Athens 2: Greece 3: Baghdad,\n",
    "\n",
    "your task is to predict the country 4: Iraq.\n",
    "\n",
    "**Instructions**: \n",
    "\n",
    "1. To predict the capital you might want to look at the *King - Man + Woman = Queen* example above, and implement that scheme into a mathematical function, using the word embeddings and a similarity function.\n",
    "\n",
    "2. Iterate over the embeddings dictionary and compute the cosine similarity score between your vector and the current word embedding.\n",
    "\n",
    "3. You should add a check to make sure that the word you return is not any of the words that you fed into your function. Return the one with the highest score."
   ]
  },
  {
   "cell_type": "code",
   "execution_count": 9,
   "metadata": {},
   "outputs": [],
   "source": [
    "# UNQ_C3 (UNIQUE CELL IDENTIFIER, DO NOT EDIT)\n",
    "def get_country(city1, country1, city2, embeddings):\n",
    "    \"\"\"\n",
    "    Input:\n",
    "        city1: a string (the capital city of country1)\n",
    "        country1: a string (the country of capital1)\n",
    "        city2: a string (the capital city of country2)\n",
    "        embeddings: a dictionary where the keys are words and values are their embeddings\n",
    "    Output:\n",
    "        countries: a dictionary with the most likely country and its similarity score\n",
    "    \"\"\"\n",
    "    ### START CODE HERE (REPLACE INSTANCES OF 'None' with your code) ###\n",
    "\n",
    "    # store the city1, country 1, and city 2 in a set called group\n",
    "    group = set((city1, country1, city2))\n",
    "\n",
    "    # get embeddings of city 1\n",
    "    city1_emb = embeddings[city1]\n",
    "\n",
    "    # get embedding of country 1\n",
    "    country1_emb = embeddings[country1]\n",
    "\n",
    "    # get embedding of city 2\n",
    "    city2_emb = embeddings[city2]\n",
    "\n",
    "    # get embedding of country 2 (it's a combination of the embeddings of country 1, city 1 and city 2)\n",
    "    # Remember: King - Man + Woman = Queen\n",
    "    vec = country1_emb - city1_emb + city2_emb\n",
    "\n",
    "    # Initialize the similarity to -1 (it will be replaced by a similarities that are closer to +1)\n",
    "    similarity = -1\n",
    "\n",
    "    # initialize country to an empty string\n",
    "    country = ''\n",
    "\n",
    "    # loop through all words in the embeddings dictionary\n",
    "    for word in embeddings.keys():\n",
    "\n",
    "        # first check that the word is not already in the 'group'\n",
    "        if word not in group:\n",
    "\n",
    "            # get the word embedding\n",
    "            word_emb = embeddings[word]\n",
    "\n",
    "            # calculate cosine similarity between embedding of country 2 and the word in the embeddings dictionary\n",
    "            cur_similarity = cosine_similarity(vec, word_emb)\n",
    "\n",
    "            # if the cosine similarity is more similar than the previously best similarity...\n",
    "            if cur_similarity > similarity:\n",
    "\n",
    "                # update the similarity to the new, better similarity\n",
    "                similarity = cur_similarity\n",
    "\n",
    "                # store the country as a tuple, which contains the word and the similarity\n",
    "                country = (word, similarity)\n",
    "\n",
    "    ### END CODE HERE ###\n",
    "\n",
    "    return country"
   ]
  },
  {
   "cell_type": "code",
   "execution_count": 10,
   "metadata": {},
   "outputs": [
    {
     "data": {
      "text/plain": [
       "('Egypt', 0.7626821)"
      ]
     },
     "execution_count": 10,
     "metadata": {},
     "output_type": "execute_result"
    }
   ],
   "source": [
    "# Testing your function, note to make it more robust you can return the 5 most similar words.\n",
    "get_country('Athens', 'Greece', 'Cairo', word_embeddings)"
   ]
  },
  {
   "cell_type": "markdown",
   "metadata": {},
   "source": [
    "**Expected Output:**\n",
    "\n",
    "('Egypt', 0.7626821)"
   ]
  },
  {
   "cell_type": "markdown",
   "metadata": {},
   "source": [
    "### 1.5 Model Accuracy\n",
    "\n",
    "Now you will test your new function on the dataset and check the accuracy of the model:\n",
    "\n",
    "$$\\text{Accuracy}=\\frac{\\text{Correct # of predictions}}{\\text{Total # of predictions}}$$\n",
    "\n",
    "**Instructions**: Write a program that can compute the accuracy on the dataset provided for you. You have to iterate over every row to get the corresponding words and feed them into you `get_country` function above. "
   ]
  },
  {
   "cell_type": "raw",
   "metadata": {},
   "source": [
    "<details>\n",
    "<summary>\n",
    "    <font size=\"3\" color=\"darkgreen\"><b>Hints</b></font>\n",
    "</summary>\n",
    "<p>\n",
    "<ul>\n",
    "    <li>Use <a href=\"https://pandas.pydata.org/pandas-docs/stable/reference/api/pandas.DataFrame.iterrows.html\" > pandas.DataFrame.iterrows </a>.</li>\n",
    "</ul>\n",
    "</p>"
   ]
  },
  {
   "cell_type": "code",
   "execution_count": 11,
   "metadata": {},
   "outputs": [],
   "source": [
    "# UNQ_C4 (UNIQUE CELL IDENTIFIER, DO NOT EDIT)\n",
    "def get_accuracy(word_embeddings, data):\n",
    "    '''\n",
    "    Input:\n",
    "        word_embeddings: a dictionary where the key is a word and the value is its embedding\n",
    "        data: a pandas dataframe containing all the country and capital city pairs\n",
    "    \n",
    "    Output:\n",
    "        accuracy: the accuracy of the model\n",
    "    '''\n",
    "\n",
    "    ### START CODE HERE (REPLACE INSTANCES OF 'None' with your code) ###\n",
    "    # initialize num correct to zero\n",
    "    num_correct = 0\n",
    "\n",
    "    # loop through the rows of the dataframe\n",
    "    for i, row in data.iterrows():\n",
    "        \n",
    "#         print(i)\n",
    "#         print(row)\n",
    "\n",
    "        # get city1\n",
    "        city1 = row['city1']\n",
    "\n",
    "        # get country1\n",
    "        country1 = row['country1']\n",
    "\n",
    "        # get city2\n",
    "        city2 =  row['city2']\n",
    "\n",
    "        # get country2\n",
    "        country2 = row['country2']\n",
    "\n",
    "        # use get_country to find the predicted country2\n",
    "        predicted_country2, _ = get_country(city1, country1, city2, word_embeddings)\n",
    "\n",
    "        # if the predicted country2 is the same as the actual country2...\n",
    "        if predicted_country2 == country2:\n",
    "            # increment the number of correct by 1\n",
    "            num_correct += 1\n",
    "\n",
    "    # get the number of rows in the data dataframe (length of dataframe)\n",
    "    m = len(data)\n",
    "\n",
    "    # calculate the accuracy by dividing the number correct by m\n",
    "    accuracy = num_correct/m\n",
    "\n",
    "    ### END CODE HERE ###\n",
    "    return accuracy\n"
   ]
  },
  {
   "cell_type": "markdown",
   "metadata": {},
   "source": [
    "**NOTE: The cell below takes about 30 SECONDS to run.**"
   ]
  },
  {
   "cell_type": "code",
   "execution_count": 12,
   "metadata": {},
   "outputs": [
    {
     "name": "stdout",
     "output_type": "stream",
     "text": [
      "Accuracy is 0.92\n"
     ]
    }
   ],
   "source": [
    "accuracy = get_accuracy(word_embeddings, data)\n",
    "print(f\"Accuracy is {accuracy:.2f}\")"
   ]
  },
  {
   "cell_type": "markdown",
   "metadata": {},
   "source": [
    "**Expected Output:**\n",
    "\n",
    "$\\approx$ 0.92"
   ]
  },
  {
   "cell_type": "markdown",
   "metadata": {},
   "source": [
    "# 3.0 Plotting the vectors using PCA\n",
    "\n",
    "Now you will explore the distance between word vectors after reducing their dimension.\n",
    "The technique we will employ is known as\n",
    "[*principal component analysis* (PCA)](https://en.wikipedia.org/wiki/Principal_component_analysis).\n",
    "As we saw, we are working in a 300-dimensional space in this case.\n",
    "Although from a computational perspective we were able to perform a good job,\n",
    "it is impossible to visualize results in such high dimensional spaces.\n",
    "\n",
    "You can think of PCA as a method that projects our vectors in a space of reduced\n",
    "dimension, while keeping the maximum information about the original vectors in\n",
    "their reduced counterparts. In this case, by *maximum infomation* we mean that the\n",
    "Euclidean distance between the original vectors and their projected siblings is\n",
    "minimal. Hence vectors that were originally close in the embeddings dictionary,\n",
    "will produce lower dimensional vectors that are still close to each other.\n",
    "\n",
    "You will see that when you map out the words, similar words will be clustered\n",
    "next to each other. For example, the words 'sad', 'happy', 'joyful' all describe\n",
    "emotion and are supposed to be near each other when plotted.\n",
    "The words: 'oil', 'gas', and 'petroleum' all describe natural resources.\n",
    "Words like 'city', 'village', 'town' could be seen as synonyms and describe a\n",
    "similar thing.\n",
    "\n",
    "Before plotting the words, you need to first be able to reduce each word vector\n",
    "with PCA into 2 dimensions and then plot it. The steps to compute PCA are as follows:\n",
    "\n",
    "1. Mean normalize the data\n",
    "2. Compute the covariance matrix of your data ($\\Sigma$). \n",
    "3. Compute the eigenvectors and the eigenvalues of your covariance matrix\n",
    "4. Multiply the first K eigenvectors by your normalized data. The transformation should look something as follows:\n",
    "\n",
    "<img src = 'word_embf.jpg' width=\"width\" height=\"height\" style=\"width:800px;height:200px;\"/>"
   ]
  },
  {
   "cell_type": "markdown",
   "metadata": {},
   "source": [
    "**Instructions**: \n",
    "\n",
    "You will write a program that takes in a data set where each row corresponds to a word vector. \n",
    "* The word vectors are of dimension 300. \n",
    "* Use PCA to change the 300 dimensions to `n_components` dimensions. \n",
    "* The new matrix should be of dimension `m, n_componentns`. \n",
    "\n",
    "* First de-mean the data\n",
    "* Get the eigenvalues using `linalg.eigh`.  Use `eigh` rather than `eig` since R is symmetric.  The performance gain when using `eigh` instead of `eig` is substantial.\n",
    "* Sort the eigenvectors and eigenvalues by decreasing order of the eigenvalues.\n",
    "* Get a subset of the eigenvectors (choose how many principle components you want to use using `n_components`).\n",
    "* Return the new transformation of the data by multiplying the eigenvectors with the original data."
   ]
  },
  {
   "cell_type": "markdown",
   "metadata": {},
   "source": [
    "<details>\n",
    "<summary>\n",
    "    <font size=\"3\" color=\"darkgreen\"><b>Hints</b></font>\n",
    "</summary>\n",
    "<p>\n",
    "<ul>\n",
    "    <li>Use <a href=\"https://docs.scipy.org/doc/numpy/reference/generated/numpy.mean.html\" > numpy.mean(a,axis=None) </a> : If you set <code>axis = 0</code>, you take the mean for each column.  If you set <code>axis = 1</code>, you take the mean for each row.  Remember that each row is a word vector, and the number of columns are the number of dimensions in a word vector. </li>\n",
    "    <li>Use <a href=\"https://docs.scipy.org/doc/numpy/reference/generated/numpy.cov.html\" > numpy.cov(m, rowvar=True) </a>. This calculates the covariance matrix.  By default <code>rowvar</code> is <code>True</code>.  From the documentation: \"If rowvar is True (default), then each row represents a variable, with observations in the columns.\"  In our case, each row is a word vector observation, and each column is a feature (variable). </li>\n",
    "    <li>Use <a href=\"https://docs.scipy.org/doc/numpy/reference/generated/numpy.linalg.eigh.html\" > numpy.linalg.eigh(a, UPLO='L') </a> </li>\n",
    "    <li>Use <a href=\"https://docs.scipy.org/doc/numpy/reference/generated/numpy.argsort.html\" > numpy.argsort </a> sorts the values in an array from smallest to largest, then returns the indices from this sort. </li>\n",
    "    <li>In order to reverse the order of a list, you can use: <code>x[::-1]</code>.</li>\n",
    "    <li>To apply the sorted indices to eigenvalues, you can use this format <code>x[indices_sorted]</code>.</li>\n",
    "    <li>When applying the sorted indices to eigen vectors, note that each column represents an eigenvector.  In order to preserve the rows but sort on the columns, you can use this format <code>x[:,indices_sorted]</code></li>\n",
    "    <li>To transform the data using a subset of the most relevant principle components, take the matrix multiplication of the eigenvectors with the original data.  </li>\n",
    "    <li>The data is of shape <code>(n_observations, n_features)</code>.  </li>\n",
    "    <li>The subset of eigenvectors are in a matrix of shape <code>(n_features, n_components)</code>.</li>\n",
    "    <li>To multiply these together, take the transposes of both the eigenvectors <code>(n_components, n_features)</code> and the data (n_features, n_observations).</li>\n",
    "    <li>The product of these two has dimensions <code>(n_components,n_observations)</code>.  Take its transpose to get the shape <code>(n_observations, n_components)</code>.</li>\n",
    "</ul>\n",
    "</p>"
   ]
  },
  {
   "cell_type": "code",
   "execution_count": 19,
   "metadata": {},
   "outputs": [],
   "source": [
    "# UNQ_C5 (UNIQUE CELL IDENTIFIER, DO NOT EDIT)\n",
    "def compute_pca(X, n_components=2):\n",
    "    \"\"\"\n",
    "    Input:\n",
    "        X: of dimension (m,n) where each row corresponds to a word vector\n",
    "        n_components: Number of components you want to keep.\n",
    "    Output:\n",
    "        X_reduced: data transformed in 2 dims/columns + regenerated original data\n",
    "    \"\"\"\n",
    "\n",
    "    ### START CODE HERE (REPLACE INSTANCES OF 'None' with your code) ###\n",
    "    # mean center the data\n",
    "    X_demeaned = X - np.mean(X, axis=0)\n",
    "    print(\"Code here\")\n",
    "    print(X_demeaned)\n",
    "    \n",
    "    # calculate the covariance matrix\n",
    "    covariance_matrix = np.cov(X_demeaned, rowvar=False)\n",
    "\n",
    "    print(\"Covariance matrix:\")\n",
    "    print(covariance_matrix)\n",
    "    \n",
    "    # calculate eigenvectors & eigenvalues of the covariance matrix\n",
    "    eigen_vals, eigen_vecs = np.linalg.eigh(covariance_matrix)\n",
    "    print(\"eigen_vals\")\n",
    "    print(eigen_vals)\n",
    "    \n",
    "    print(\"eigen_vecs\")\n",
    "    print(eigen_vecs)\n",
    "    \n",
    "    # sort eigenvalue in increasing order (get the indices from the sort)\n",
    "    idx_sorted = np.argsort(eigen_vals)\n",
    "    print(\"idx_sorted:\", idx_sorted)\n",
    "    \n",
    "    \n",
    "    # reverse the order so that it's from highest to lowest.\n",
    "    idx_sorted_decreasing = idx_sorted[::-1]\n",
    "\n",
    "    # sort the eigen values by idx_sorted_decreasing\n",
    "    eigen_vals_sorted = eigen_vals[idx_sorted_decreasing]\n",
    "\n",
    "    # sort eigenvectors using the idx_sorted_decreasing indices\n",
    "    eigen_vecs_sorted = eigen_vecs[idx_sorted_decreasing]\n",
    "\n",
    "    # select the first n eigenvectors (n is desired dimension\n",
    "    # of rescaled data array, or dims_rescaled_data)\n",
    "    eigen_vecs_subset = eigen_vecs_sorted[:,:n_components]\n",
    "    \n",
    "\n",
    "    print(\"X_Shape:\", np.shape(X))\n",
    "    print(\"X_demeaned_Shape:\", np.shape(X_demeaned))\n",
    "    print(\"Covariance matrix shape:\", np.shape(covariance_matrix))\n",
    "    print(\"Eigen values shape:\", np.shape(eigen_vals))\n",
    "    print(\"Eigen vectors shape:\", np.shape(eigen_vecs))\n",
    "    print(\"idx_sorted\", idx_sorted)\n",
    "    print(\"idx_sorted_decreasing\", idx_sorted_decreasing)\n",
    "    print(\"idx_sorted\", eigen_vals_sorted)\n",
    "    print(\"eigen_vecs_sorted\", eigen_vecs_sorted)\n",
    "    print(\"eigen_vecs_subset\", eigen_vecs_subset)\n",
    "    print(\"eigen_vecs_subset Shape:\", np.shape(eigen_vecs_subset))\n",
    "\n",
    "    \n",
    "    # transform the data by multiplying the transpose of the eigenvectors \n",
    "    # with the transpose of the de-meaned data\n",
    "    # Then take the transpose of that product.\n",
    "#     X_reduced = eigen_vecs_subset.T.dot(X_demeaned.T).T\n",
    "    print(\"Printing shapes below:\")\n",
    "#     print(eigen_vecs_subset)\n",
    "#     print(X_demeaned)\n",
    "    X_reduced = np.transpose(np.dot(np.transpose(eigen_vecs_subset),np.transpose(X_demeaned)))\n",
    "\n",
    "    ### END CODE HERE ###\n",
    "\n",
    "    return X_reduced\n"
   ]
  },
  {
   "cell_type": "code",
   "execution_count": 20,
   "metadata": {},
   "outputs": [
    {
     "name": "stdout",
     "output_type": "stream",
     "text": [
      "Code here\n",
      "[[-1.28631691e-01 -7.09440297e-02 -1.72549226e-01 -3.21924969e-01\n",
      "  -2.03421655e-01 -4.60132328e-01 -4.32761970e-02  3.11256141e-02\n",
      "   1.61105863e-01  4.63158497e-04]\n",
      " [-1.26459182e-01 -1.06049023e-01  3.17886488e-02  2.53859895e-01\n",
      "  -3.22789952e-01  1.17996587e-01  1.87768394e-01  2.44254716e-01\n",
      "  -9.52746722e-02 -3.40252086e-01]\n",
      " [ 2.55090873e-01  1.76993053e-01  1.40760577e-01  6.80650741e-02\n",
      "   5.26211607e-01  3.42135741e-01 -1.44492197e-01 -2.75380330e-01\n",
      "  -6.58311912e-02  3.39788928e-01]]\n",
      "Covariance matrix:\n",
      "[[ 4.88046950e-02  3.38429177e-02  2.70410354e-02  1.33348089e-02\n",
      "   1.00609001e-01  6.57707762e-02 -2.75184938e-02 -5.25695002e-02\n",
      "  -1.27339493e-02  6.48227388e-02]\n",
      " [ 3.38429177e-02  2.38029956e-02  1.68919133e-02  3.98205302e-03\n",
      "   7.08994547e-02  4.03429340e-02 -2.12082910e-02 -3.84257778e-02\n",
      "  -6.48868839e-03  4.80954113e-02]\n",
      " [ 2.70410354e-02  1.68919133e-02  2.52986469e-02  3.65993232e-02\n",
      "   4.94545211e-02  6.56528268e-02 -3.45131361e-03 -1.81844337e-02\n",
      "  -2.00468908e-02  1.84664070e-02]\n",
      " [ 1.33348089e-02  3.98205302e-03  3.65993232e-02  8.63566931e-02\n",
      "   9.67985927e-03  1.00685091e-01  2.58818405e-02  1.66212907e-02\n",
      "  -4.02656116e-02 -3.16988513e-02]\n",
      " [ 1.00609001e-01  7.08994547e-02  4.94545211e-02  9.67985927e-03\n",
      "   2.11236189e-01  1.17774282e-01 -6.39199532e-02 -1.15041459e-01\n",
      "  -1.83299257e-02  1.44268308e-01]\n",
      " [ 6.57707762e-02  4.03429340e-02  6.56528268e-02  1.00685091e-01\n",
      "   1.17774282e-01  1.71350909e-01 -3.68356893e-03 -3.98590657e-02\n",
      "  -5.39476528e-02  3.79461186e-02]\n",
      " [-2.75184938e-02 -2.12082910e-02 -3.45131361e-03  2.58818405e-02\n",
      "  -6.39199532e-02 -3.68356893e-03  2.90038970e-02  4.21533131e-02\n",
      "  -7.67476391e-03 -5.65027401e-02]\n",
      " [-5.25695002e-02 -3.84257778e-02 -1.81844337e-02  1.66212907e-02\n",
      "  -1.15041459e-01 -3.98590657e-02  4.21533131e-02  6.82317479e-02\n",
      "  -6.40769360e-05 -8.83324737e-02]\n",
      " [-1.27339493e-02 -6.48868839e-03 -2.00468908e-02 -4.02656116e-02\n",
      "  -1.83299257e-02 -5.39476528e-02 -7.67476391e-03 -6.40769360e-05\n",
      "   1.96830541e-02  5.06165683e-03]\n",
      " [ 6.48227388e-02  4.80954113e-02  1.84664070e-02 -3.16988513e-02\n",
      "   1.44268308e-01  3.79461186e-02 -5.65027401e-02 -8.83324737e-02\n",
      "   5.06165683e-03  1.15614106e-01]]\n",
      "eigen_vals\n",
      "[-6.64396319e-17 -1.55854519e-17 -9.21522981e-18 -2.56689420e-18\n",
      "  3.86692031e-19  4.43319142e-18  4.53021184e-17  7.57775903e-17\n",
      "  2.50881048e-01  5.48501886e-01]\n",
      "eigen_vecs\n",
      "[[-0.90546191  0.01898983  0.0345394  -0.00978266 -0.09441762  0.01724602\n",
      "  -0.2670341  -0.09481579  0.00188121 -0.29828938]\n",
      " [-0.23718623 -0.17012832 -0.13723143 -0.08475599  0.11029243 -0.07674899\n",
      "   0.85698908  0.30351951  0.03785176 -0.20673908]\n",
      " [ 0.04834386  0.01806062 -0.10744321  0.119092    0.09127216  0.04770243\n",
      "  -0.33935647  0.88183618 -0.20173545 -0.16585702]\n",
      " [ 0.03060052 -0.06751831  0.62562717  0.23958465 -0.28193287 -0.33568686\n",
      "   0.13223817 -0.00507236 -0.57366812 -0.08315731]\n",
      " [ 0.24811412 -0.64862607 -0.11418383  0.07341552  0.05514535 -0.18997367\n",
      "  -0.18619799 -0.17764721  0.12750761 -0.61455545]\n",
      " [ 0.12639636  0.42440206 -0.47072807  0.00857375  0.05309162  0.1190825\n",
      "   0.07049088 -0.26563655 -0.57165682 -0.40364069]\n",
      " [-0.0331268  -0.44180804 -0.11635619  0.14176671 -0.42260841  0.70989437\n",
      "   0.07124324 -0.01147921 -0.23292277  0.16752142]\n",
      " [-0.06709978 -0.21399669 -0.44618847 -0.41720217 -0.40270505 -0.50208046\n",
      "  -0.09826533  0.05171041 -0.2171175   0.32067903]\n",
      " [-0.03666877  0.13954436 -0.33185802  0.79786889 -0.30494922 -0.25205411\n",
      "   0.06915607 -0.00413908  0.25487404  0.07856525]\n",
      " [ 0.19007074  0.32328994  0.14016287 -0.29141629 -0.67192348  0.09494344\n",
      "   0.04959706  0.12759671  0.34549659 -0.39520063]]\n",
      "idx_sorted: [0 1 2 3 4 5 6 7 8 9]\n",
      "X_Shape: (3, 10)\n",
      "X_demeaned_Shape: (3, 10)\n",
      "Covariance matrix shape: (10, 10)\n",
      "Eigen values shape: (10,)\n",
      "Eigen vectors shape: (10, 10)\n",
      "idx_sorted [0 1 2 3 4 5 6 7 8 9]\n",
      "idx_sorted_decreasing [9 8 7 6 5 4 3 2 1 0]\n",
      "idx_sorted [ 5.48501886e-01  2.50881048e-01  7.57775903e-17  4.53021184e-17\n",
      "  4.43319142e-18  3.86692031e-19 -2.56689420e-18 -9.21522981e-18\n",
      " -1.55854519e-17 -6.64396319e-17]\n",
      "eigen_vecs_sorted [[ 0.19007074  0.32328994  0.14016287 -0.29141629 -0.67192348  0.09494344\n",
      "   0.04959706  0.12759671  0.34549659 -0.39520063]\n",
      " [-0.03666877  0.13954436 -0.33185802  0.79786889 -0.30494922 -0.25205411\n",
      "   0.06915607 -0.00413908  0.25487404  0.07856525]\n",
      " [-0.06709978 -0.21399669 -0.44618847 -0.41720217 -0.40270505 -0.50208046\n",
      "  -0.09826533  0.05171041 -0.2171175   0.32067903]\n",
      " [-0.0331268  -0.44180804 -0.11635619  0.14176671 -0.42260841  0.70989437\n",
      "   0.07124324 -0.01147921 -0.23292277  0.16752142]\n",
      " [ 0.12639636  0.42440206 -0.47072807  0.00857375  0.05309162  0.1190825\n",
      "   0.07049088 -0.26563655 -0.57165682 -0.40364069]\n",
      " [ 0.24811412 -0.64862607 -0.11418383  0.07341552  0.05514535 -0.18997367\n",
      "  -0.18619799 -0.17764721  0.12750761 -0.61455545]\n",
      " [ 0.03060052 -0.06751831  0.62562717  0.23958465 -0.28193287 -0.33568686\n",
      "   0.13223817 -0.00507236 -0.57366812 -0.08315731]\n",
      " [ 0.04834386  0.01806062 -0.10744321  0.119092    0.09127216  0.04770243\n",
      "  -0.33935647  0.88183618 -0.20173545 -0.16585702]\n",
      " [-0.23718623 -0.17012832 -0.13723143 -0.08475599  0.11029243 -0.07674899\n",
      "   0.85698908  0.30351951  0.03785176 -0.20673908]\n",
      " [-0.90546191  0.01898983  0.0345394  -0.00978266 -0.09441762  0.01724602\n",
      "  -0.2670341  -0.09481579  0.00188121 -0.29828938]]\n",
      "eigen_vecs_subset [[ 0.19007074  0.32328994]\n",
      " [-0.03666877  0.13954436]\n",
      " [-0.06709978 -0.21399669]\n",
